./MDMKP_LaiTwoFormat/ct7_B10C3.txt  100  24371.000000  24323.600000  24287.000000   28.160966  50.000000  50.000000  50.000000  0.000000  43.548767 7
./MDMKP_LaiTwoFormat/ct7_B10C6.txt  100  10297.000000  10297.000000  10297.000000   0.000000  50.000000  50.000000  50.000000  0.000000  38.873000 30
./MDMKP_LaiTwoFormat/ct7_B11C3.txt  100  33472.000000  33472.000000  33472.000000   0.000000  75.000000  75.000000  75.000000  0.000000  471.314900 30
./MDMKP_LaiTwoFormat/ct7_B11C6.txt  100  11029.000000  11029.000000  11029.000000   0.000000  75.000000  75.000000  75.000000  0.000000  471.142533 30
./MDMKP_LaiTwoFormat/ct7_B12C3.txt  100  32670.000000  32670.000000  32670.000000   0.000000  75.000000  75.000000  75.000000  0.000000  35.221633 30
./MDMKP_LaiTwoFormat/ct7_B12C6.txt  100  11884.000000  11796.566667  11747.000000   24.469959  75.000000  75.000000  75.000000  0.000000  39.726500 1
./MDMKP_LaiTwoFormat/ct7_B13C3.txt  100  32942.000000  32942.000000  32942.000000   0.000000  75.000000  75.000000  75.000000  0.000000  33.443400 30
./MDMKP_LaiTwoFormat/ct7_B13C6.txt  100  10751.000000  10751.000000  10751.000000   0.000000  75.000000  75.000000  75.000000  0.000000  34.813900 30
./MDMKP_LaiTwoFormat/ct7_B14C3.txt  100  35106.000000  35106.000000  35106.000000   0.000000  75.000000  75.000000  75.000000  0.000000  31.215433 30
./MDMKP_LaiTwoFormat/ct7_B14C6.txt  100  11567.000000  11567.000000  11567.000000   0.000000  75.000000  75.000000  75.000000  0.000000  32.648600 30
./MDMKP_LaiTwoFormat/ct7_B15C3.txt  100  30930.000000  30805.033333  30767.000000   68.941271  75.000000  75.000000  75.000000  0.000000  39.192833 7
./MDMKP_LaiTwoFormat/ct7_B15C6.txt  100  10419.000000  10355.533333  10351.000000   16.962180  75.000000  75.000000  75.000000  0.000000  119.353300 2
./MDMKP_LaiTwoFormat/ct7_B1C3.txt  100  11312.000000  11297.966667  11131.000000   37.082326  25.000000  25.166667  26.000000  0.372678  33.051833 25
./MDMKP_LaiTwoFormat/ct7_B1C6.txt  100  5340.000000  5340.000000  5340.000000   0.000000  26.000000  26.000000  26.000000  0.000000  37.192867 30
./MDMKP_LaiTwoFormat/ct7_B2C3.txt  100  9945.000000  9945.000000  9945.000000   0.000000  25.000000  25.000000  25.000000  0.000000  244.746667 30
./MDMKP_LaiTwoFormat/ct7_B2C6.txt  100  4390.000000  4390.000000  4390.000000   0.000000  25.000000  25.000000  25.000000  0.000000  31.873300 30
./MDMKP_LaiTwoFormat/ct7_B3C3.txt  100  11195.000000  10961.333333  10494.000000   330.454569  25.000000  25.000000  25.000000  0.000000  43.127633 20
./MDMKP_LaiTwoFormat/ct7_B3C6.txt  100  4227.000000  4227.000000  4227.000000   0.000000  25.000000  25.000000  25.000000  0.000000  76.785967 30
./MDMKP_LaiTwoFormat/ct7_B4C3.txt  100  11324.000000  11223.200000  11198.000000   50.400000  25.000000  25.000000  25.000000  0.000000  35.224267 6
./MDMKP_LaiTwoFormat/ct7_B4C6.txt  100  4706.000000  4706.000000  4706.000000   0.000000  25.000000  25.000000  25.000000  0.000000  39.012767 30
./MDMKP_LaiTwoFormat/ct7_B5C3.txt  100  9704.000000  9704.000000  9704.000000   0.000000  25.000000  25.000000  25.000000  0.000000  248.853300 30
./MDMKP_LaiTwoFormat/ct7_B5C6.txt  100  2597.000000  2597.000000  2597.000000   0.000000  25.000000  25.000000  25.000000  0.000000  471.199033 30
./MDMKP_LaiTwoFormat/ct7_B6C3.txt  100  23296.000000  23283.766667  22929.000000   65.878516  50.000000  50.000000  50.000000  0.000000  42.235133 29
./MDMKP_LaiTwoFormat/ct7_B6C6.txt  100  10808.000000  10661.033333  10427.000000   112.371848  50.000000  50.000000  50.000000  0.000000  42.929700 10
./MDMKP_LaiTwoFormat/ct7_B7C3.txt  100  22442.000000  22251.833333  22114.000000   142.089193  51.000000  50.400000  50.000000  0.489898  42.731033 10
./MDMKP_LaiTwoFormat/ct7_B7C6.txt  100  9807.000000  9789.766667  9770.000000   5.765896  51.000000  50.100000  51.000000  0.300000  40.185533 2
./MDMKP_LaiTwoFormat/ct7_B8C3.txt  100  23324.000000  23269.233333  23093.000000   78.118578  50.000000  50.300000  51.000000  0.458258  39.055067 16
./MDMKP_LaiTwoFormat/ct7_B8C6.txt  100  10882.000000  10878.366667  10773.000000   19.566099  50.000000  50.000000  50.000000  0.000000  39.541433 29
./MDMKP_LaiTwoFormat/ct7_B9C3.txt  100  22756.000000  22754.000000  22696.000000   10.770330  50.000000  50.000000  50.000000  0.000000  40.794600 29
./MDMKP_LaiTwoFormat/ct7_B9C6.txt  100  10595.000000  10595.000000  10595.000000   0.000000  50.000000  50.000000  50.000000  0.000000  34.113100 30
